0.581419422897275
0.611928849542926
0.593584764830102
0.794575699099829
1.21739863944784
0.677917324428166
0.596600375163746
0.557299228478663
0.545915438734891
0.52550521521968
0.48132439871276
0.492296848894803
0.49860033092017
0.535278670197214
0.50138867704107
0.479651294023687
0.483911863796085
0.557627165865792
0.469902547827345
0.408323125262437
0.511602607625699
0.475254109345277
0.457245880528052
0.554298627621958
0.496966645682271
0.468202914497607
0.467436282953657
0.466595206092807
0.504405392177913
0.423846028235055
0.396584598244004
0.434763545383198
0.440016648200561
0.467988736618189
0.451566653031501
0.417373920500859
0.400349818636366
0.405023082615075
0.448280071938737
0.407276243193899
0.400685284804448
0.388167506141926
0.449323566095761
0.456911270495598
0.403507999849798
0.455931200658981
0.386126013129515
0.381138630767471
0.366729053392183
0.345517487243313
0.348729263746741
0.287694949191784
0.383213537275337
0.375018351008888
0.39118932252905
0.329275991575491
0.353873544816848
0.343390595225818
0.348228376625831
0.274805196795329
0.341682049258914
0.456955807376646
0.844123550750521
2.37358660439085
4.19897182598556
2.53637509836513
1.07784364135047
0.632085128002201
0.75012242405715
0.462038419214544
0.363750423035987
0.327162284537076
0.321726594512066
0.301734365218498
0.285678993999563
0.285943422921477
0.260751044622855
0.245866103500625
0.266043648151317
0.260996681137428
0.198861319239035
0.305962408880938
0.196748350632361
0.162274748064364
0.305353059232908
0.229648022676795
0.236994520347198
0.234277342826097
0.244892947183402
0.198429809199073
0.242671683050917
0.191395467863574
0.23955623164059
0.167626512792251
0.180985608683128
0.232307209894703
0.172690122091383
0.156488282132529
0.126846038952531
0.195521647575311
0.190693441748859
0.169064343813735
0.182444718022477
0.186741956350944
0.117182376132349
0.135569755479423
0.0926212764687663
0.124388660389233
0.231640675908177
0.643456007679791
2.1718816215769
5.26085079812823
1.69932785466291
0.725094889416152
0.196417365236769
0.160625499656884
0.0365372343705534
0.0590618402788731
0.250644625431961
0.541979910972406
0.204835713837695
0.156549229508003
0.0666191480439212
0.0126374553685366
0.0425788617424722
0.0329299730910578
0.0288828413520456
0.0250992750437994
0.0352312222562444
0.0332923396421673
0.0134470224127383
-0.0584719987243411
-0.0464076756004069
0.00151722338529204
-0.00903568371226181
-0.00975615099332829
-0.0197867014946783
-0.0162584713530441
0.0138634404671045
0.000231014047349338
-0.015026725443199
-0.120490355538172
-0.103776631062131
-0.0434525529886416
-0.0760337049932689
-0.0882407653348882
-0.0770112170023774
-0.0758901788932747
-0.107390963928894
-0.0733621736528809
-0.0122766303491191
-0.136243064511104
-0.118523637723986
-0.0723455269794293
-0.10265694860808
-0.0709830911220444
-0.0388312413847281
0.206703398620494
1.3222461709251
3.51830557783977
0.858627931468324
0.291363801610042
-0.150290215642542
-0.177363673495059
-0.112428830892946
-0.128251190807193
-0.210379778361297
-0.197688633436219
-0.121810543570742
-0.180799403597244
-0.242635334974592
-0.198430635580501
-0.216332585729147
-0.312381587099505
-0.251985005504359
-0.289736829150909
-0.234864831784988
-0.266915232320301
-0.212642172315115
-0.318534492760872
-0.200363381608721
-0.269109196925923
-0.280029776712154
-0.291550039857671
-0.291876972167445
-0.316540188592171
-0.292289191944669
-0.373296479843018
-0.316365317542738
-0.315167541701021
-0.332315760447952
-0.347103553164732
-0.323981865668092
-0.361470109845579
-0.297069613445097
-0.373813489271346
-0.398796194100796
-0.369698051537243
-0.330314927316816
-0.393098530048523
-0.39805107962935
-0.377021671830648
-0.380788766137693
-0.406996911179198
-0.385743289478367
-0.424475476774972
-0.425863759594747
-0.435259241290211
-0.435779837681039
-0.447965785474967
-0.433142802370751
-0.433065147738741
-0.433564781797125
-0.484849199412762
-0.479639632547591
-0.406268291602565
-0.472538112141704
-0.49058544329456
-0.500156775102221
-0.446396230671242
-0.327721037664184
0.00803455729198299
-0.360050520454261
-0.469761431107185
-0.532076753690592
-0.546457117217041
-0.571417269205547
-0.588322036684016
-0.427264134611722
0.0390219516235796
2.10312040170798
6.30894783801901
1.3843723581653
0.218454566463707
-0.469256671561262
-0.631630628223679
-0.577335286387402
-0.617322079861183
-0.660744212249057
-0.64199234484408
-0.613277196342523
-0.65005764433943
-0.62890075981281
-0.693886958912916
-0.663594645750179
-0.675353678556753
-0.69756845559286
-0.675690126895466
-0.658757229567385
-0.714647545871782
-0.673632262159751
-0.735939086802288
-0.715808412897136
-0.675258541472377
-0.79397904560473
-0.676019151117915
-0.654882055529202
-0.725804608064755
-0.506334867541066
-0.0418345025795763
-0.61059650316969
-0.683157092854391
-0.698352104576306
-0.779749144804208
-0.753091366746685
-0.769211757121577
-0.732641336573
-0.793084812428386
-0.732317913981953
-0.578195625608118
0.149784257226325
1.56678025561814
-0.101616594213849
-0.479018957086625
-0.764429888561124
-0.866704039672526
-0.845560340280328
-0.798652625089355
-0.837618365205535
-0.842780008287112
-0.802706188383263
-0.634823821841114
-0.364596017208153
-0.661534702009658
-0.805089541579256
-0.865601419722406
-0.917179689246658
-0.886068625485922
-0.923560505858455
-0.87215562768849
-0.920608146429721
-0.863686927735999
-0.907627228544434
-0.877453378975903
-0.944321079286717
-0.855005745328004
-0.841384207582381
-0.89574696362989
-0.891272191919726
-0.853387493170305
-0.940604678236609
-0.960161594351144
-0.90842522582239
-0.921909784879463
-0.974042867581808
-0.893746331697136
-0.885435331790673
-0.988368997672399
-0.938278050095574
-0.939262207595708
-1.03799849836804
-0.947058410163457
-0.938987806083133
-1.01201961886844
-0.894947113806005
-0.976875601859231
-0.892047223240693
-0.977942760433857
-0.9925800155866
-0.99216315803287
-1.00599761880049
-1.01015326995423
-1.0133095361829
-0.975584286105672
-0.98446235054062
-0.994893874068071
-0.991399474865375
-0.988845706844534
-0.967161211411912
-0.919519020854631
-0.487564463816111
0.247815015258715
-0.5909599575157
-0.878435432017085
-1.00798588042131
-0.932440724271118
-0.771837423894084
-0.339073373439867
-0.789187923230404
-0.965051599867189
-0.990073027911148
-1.0701872608405
-1.0316921521845
-0.980412003816678
-1.00507508876684
-1.00214477784821
-0.976347215547997
-0.943316330827359
-0.994709674399639
-0.987584566263379
-0.913038334454832
-1.02137707770046
-0.99774791312073
-1.01842746805094
-0.939571212006104
-0.982793163797745
-1.04533864153097
-0.972938773231324
-0.934980210660626
-0.598723591155565
0.150928192196734
1.83851776670044
-0.196184856343291
-0.665580216300391
-0.876899410892158
-0.929080389292496
-0.93495304208561
-0.994949821885152
-0.941619645808292
-0.899868117352457
-0.923905312034314
-0.988172879105407
-0.893678456070441
-0.914948275787642
-0.919619434840085
-0.976023951879145
-0.867906480553734
-0.892195190618923
-0.918692543698501
-0.86683383254776
-0.911481641402441
-0.85275113400014
-0.866607285006974
-0.791809473579551
-0.802413968207201
-0.562382612167523
-0.189776349001552
-0.681236038559525
-0.729142687059095
-0.815057041207996
-0.810669665030784
-0.840384621838786
-0.804359273186635
-0.738898621522124
-0.777124244177524
-0.742698345412565
-0.699393647197736
-0.740367788408422
-0.701017797242039
-0.691161739493603
-0.5425739098916
-0.200829463321779
-0.530111726311418
-0.604706086773293
-0.731591977304472
-0.71698699161377
-0.610798070531724
-0.644909423478691
-0.671504674246096
-0.639155591197595
-0.627429047083145
-0.620363007712475
-0.615593019643347
-0.599034559822568
-0.584720234862251
-0.610094518815093
-0.437223781466963
-0.456288339315788
0.0328375486333614
0.919533941820101
-0.10364174890177
-0.323398732364172
-0.46384010394665
-0.468697857365125
-0.448150245147841
-0.443638558386716
-0.466715736535523
-0.451395892468831
-0.449663517837673
-0.358918100957874
-0.387476733490244
-0.385546677054039
-0.40436971252503
-0.340205210187422
-0.208778008413833
0.0751511917099137
-0.00700250834439647
-0.24006607834948
-0.261000236814502
-0.243161821581728
-0.251256894658732
-0.148178762018566
0.139805890506256
1.4406665701051
3.81614615393609
1.01320591839871
0.319604478051316
-0.116150038035986
-0.143682734791042
-0.12663394958174
-0.0627035422373968
-0.0324037730743183
-0.0312801032787926
-0.0529325993094379
0.00599601355056457
-0.0133208715931691
-0.00695112313254261
0.0397432891265555
0.000962085727718033
0.0636174045496389
0.0471376747655842
0.06213114065237
0.157048580379083
0.150383209456906
0.106072684482022
0.119496724475681
0.166183196872021
0.271569438976152
0.331042630295198
0.544351662456963
1.0019860996166
0.515654457062414
0.383970428828163
0.258217414893586
0.243030743331879
0.304290853857477
0.347444586261452
0.342680374120038
0.296395114225722
0.329705708135349
0.36258534815785
0.415829930404957
0.358931120125198
0.388337090919325
0.477674132458213
0.497784616910222
0.51232889989681
0.5606118179379
0.503621963241271
0.567613262974559
0.540665688805248
0.579116004237201
0.54158460184198
0.582252100481079
0.612553710859718
0.592465900748634
0.580572730528885
0.619218943081406
0.798873024830544
0.850828949945358
0.683333932160877
0.756195335187224
0.692221809164878
0.754463796316506
0.762041422224519
0.785194640618046
0.749743001394423
0.733831762547142
0.795320868146554
0.804898192964535
0.727236858323359
0.823088207779308
0.870682340879843
0.825862376490569
0.857959395875511
0.862298796045345
0.891208005811353
0.878443535445987
0.944751616958913
0.853708016675756
0.907390510404602
0.980176354570916
0.884387214869775
0.899841557996458
0.955394826561046
0.995067121231688
0.954200292402901
0.978131593220891
1.0002617658808
0.972410367497998
0.948541752521127
1.00783649148108
0.979018129017749
0.971395858818224
0.993967352905396
0.97599249085563
1.00306041272327
0.954684951356032
1.02681341683221
0.999324724627231
1.024541301464
1.07150447591953
1.01044619139831
0.949997073102479
1.0316640088526
0.98539277420991
0.998142840028513
1.04789613746188
1.02458339612485
1.02208114140811
1.09506969611725
1.04959690771943
0.920118805632734
0.978913486573689
0.948438597355088
1.00867126476829
0.927553016406923
0.947441125467537
0.923720166119576
0.862669926162808
0.887958126355731
0.871145413097454
0.922776702825668
0.921281000962913
0.903417230940782
0.908140669554958
0.844365836869818
0.783757869194659
0.794059855850571
0.789142369500098
0.820783802093713
1.01216074249721
1.51304053092738
0.984962673317856
0.860928608356127
0.711600477550619
0.692978946776909
0.662461143881268
0.651533431050421
0.662976805824955
0.614314005327095
0.559140170885722
0.645542422709823
0.556775232959606
0.539647262197946
0.556103350916469
0.480751729610859
0.464002978619786
0.457661706311214
0.418207821864671
0.448776857619434
0.340263948472256
0.359248971682521
0.396060957448135
0.357113881666691
0.463525849782309
0.705137500624976
1.18794076177666
0.434636660269996
0.326905931123144
0.178887508757157
0.153011755928531
0.110081168030293
0.0822571505676952
0.0802919483595389
-0.00660223832598272
-0.00808430816040188
-0.0306683503744838
-0.0232033963246628
-0.0826915478116123
-0.0167930755390129
0.114349774934745
0.586312646830556
1.50592993272335
0.33403902620475
-0.0317337670136275
-0.249826141839459
-0.289037189834952
-0.281128529998624
-0.271360821142055
-0.189690743072986
-0.306253650099843
-0.482475758441729
-0.460788561796006
-0.490261212143032
-0.554027217397548
-0.495388098512323
-0.580839518850358
-0.553293561270296
-0.592977463573353
-0.559106332519926
-0.617096400177865
-0.718182933089945
-0.705967878963222
-0.691865309778314
-0.682084410211376
-0.712757744418826
-0.648544357475667
-0.264769950250673
1.2637976889919
4.33058056699127
0.737515612046683
-0.232965560310707
-0.81764519427685
-0.865694010397112
-0.892295250329874
-0.908807016278215
-0.911466046901453
-0.931753285808777
-0.944139120679458
-0.982470071124052
-0.954729438355352
-0.935371993010973
-0.976115875847837
-0.934975512979454
-0.975746605168896
-0.995927742634865
-1.0319749516217
-0.98907116385383
-0.932642355859737
-1.03294880619945
-0.978115585900523
-0.955018621716917
-0.930952581176896
-0.948075658062695
-0.950014702133462
-0.96872867687443
-0.962037008922792
-0.935558278984153
-1.02505843885223
-0.999804363339927
-0.824444701270631
-0.724414310671025
-0.831871483975209
-0.894971265805977
-0.691026157237808
-0.173194134278828
0.959599753625203
-0.332945539880485
-0.611147041754734
-0.756061791628838
-0.77246541397695
-0.73981803379008
-0.805464702949973
-0.706420462428533
-0.609549398706138
-0.644560200181031
-0.615658905367534
-0.583151260722423
-0.55093721156243
-0.493475582255048
-0.397727219801087
-0.41657009892756
-0.33544092057304
-0.0566926445954785
-0.276677742799738
-0.360074650628957
-0.357926965648317
-0.265971590253115
-0.230428967206822
-0.182946960967233
-0.114167777355528
-0.118921039249293
-0.0758668109249565
-0.0422384960242865
-0.0678575147303827
0.0140831150019384
0.0419502924532755
0.0247940932688028
0.155878068157823
0.211640558512078
0.196398544745061
0.336570883773383
0.294184960948116
0.354626384187146
0.335084428916196
0.390822315930743
0.355879765063429
0.418207095672788
0.512100132400519
0.584214239956963
0.57000147155907
0.657581173633562
0.6223857884223
0.715872502117131
0.769789290940724
0.681289557862696
0.722767012903361
0.805673260374232
0.802643327298791
0.878056696480034
0.890906681648542
0.866780982165267
0.973121291511518
1.17282450952101
1.82635218815139
3.23756526072711
1.62971828533652
1.26260608524034
1.15669391655176
1.05414349725225
1.09961380966754
1.21891975386008
1.53260111519605
1.21982863214919
1.04915767278052
1.0009793801555
1.03392890245763
0.962014269131601
0.961633722571458
0.921810305013417
0.950890836438831
0.86679365515352
0.973109591401391
0.917483866341536
0.828994027110647
0.87753156412415
0.852805588304437
0.846923265805654
0.846563808311082
0.771303904561285
0.773615567445888
0.744334929193015
0.684900471592379
0.623281824413119
0.647302948052407
0.576591067807142
0.530557154308621
0.49916563569936
0.443293389771317
0.426290491732745
0.342566764405174
0.343121348005578
0.293603441988294
0.25648107947862
0.168755808641086
0.13842821743995
0.085897001605578
0.0696058750266537
0.00324499199366061
-0.0717165762568822
-0.0931456994342686
-0.148867108782606
-0.2018784645131
-0.212825051693251
-0.310200822695874
-0.348038607533345
-0.36231751696541
-0.388156648076736
-0.436734690132331
-0.538817610906413
-0.57090451111773
-0.580941818646137
-0.558465812420388
-0.685356229148958
-0.72085129763621
-0.713554725676197
-0.757601180418675
-0.715642084456846
-0.839417871013392
