0.590430918113913
0.588087324408352
0.585717153176742
0.583320273138823
0.645681518901002
0.578445861769272
0.575968068153936
7.27903104144977
0.570930649923013
0.568370763524308
0.565783251257952
0.563167982513773
0.560524826814173
0.557853653825496
0.555154333369559
0.606247343759062
0.549670730190804
0.546886187994987
0.544072979410107
0.54123097521395
0.538360046412381
0.535460064252034
0.532530900233174
0.529572426122728
0.526584513967499
0.523567036107549
0.66199097139723
0.517442874181583
0.514335936384957
0.511198925450416
0.508031715391381
0.504834180598636
0.50160619585499
0.498347636350128
1.75708032557648
0.49173829594033
0.488387267585486
0.485005169600664
0.481591879439419
17.4386204126795
0.47467123491829
0.471163638030765
0.467624363944572
0.464053292777627
0.460450305230987
0.456815282606088
0.453148106822194
0.44944866043405
0.445716826649756
0.441952489348844
0.438155533100582
0.434325843182486
0.430463305599055
0.426567807100726
0.422639235203045
0.418677478206071
0.414682425214
0.41065396615501
0.406591991801343
0.402496393789613
0.398367064641341
0.85017053033679
0.390006787570681
0.385775629304001
0.381510319254925
0.446649497781492
0.372876833872077
0.485374408293831
0.364105521811414
0.359667932381797
0.355195590387832
1.00219418873229
0.346146264571857
0.341569091580955
0.414070152582258
0.332309261457375
0.327626422414436
0.322908181545644
0.318154451085808
0.313365144590859
0.308540176963324
0.303679464478081
0.407745893629587
0.293850477052024
0.288882041758118
0.283877540953665
0.278836898170763
6.0530576617292
0.268646888487708
7.22540454547808
0.25831143211325
0.253088987026802
0.247829974311732
0.242534328816805
0.237201987122363
2.2958252193951
1.60304827858663
0.220984177241948
0.215504452225239
0.209987740929161
0.285130058970151
1.06270508252296
0.193215175125235
0.187550014321324
0.181847625003482
0.176107964813481
0.170330993498344
0.391306066520058
0.158664967205472
0.152775842546752
0.146849267468459
0.14088521274517
0.134883651459306
0.128844559035937
0.122767913277883
0.116653694401126
0.110501885070509
0.104312470435743
0.0980854381677191
1.90502182022228
0.0855184842413039
0.0791785508615844
0.0728009764806845
0.0663857619305901
0.0599329107886739
0.053442429416124
0.10705073897187
0.0403486155756809
0.0337453100993889
0.0271044284546651
0.0204259915089073
0.0137100231503152
0.00695655032845475
0.0966543281441318
-0.00666278535448227
0.528868256737034
-0.0204317371554972
-0.0273722180246686
-0.0343499750611637
-0.0413649587245372
-0.0484171160775355
-0.0555063907428068
-0.0626327228593018
-0.0697960490383931
-0.0769963023196764
-0.0842334121264894
-0.0915073042211246
-0.0988179006597499
-0.106165119747034
-0.113548875990478
-0.120969080054457
-0.128425638713969
-0.135918454808092
-0.143447427193162
-0.151012450695651
-0.15861341606478
1.11458189439276
-0.173922714727172
-0.181630808702054
-0.18937436581006
-0.197153255693325
-0.204967343626475
-0.212816490467287
-0.220700552607098
-0.228619381920929
-0.236572825717367
-0.244560726688165
-0.252582922857613
-0.260639247531628
-0.268729529246615
-0.276853591718067
1.14492010896602
-0.293202329377707
-0.301426627426377
1.66822366212036
-0.317974101474203
-0.326296870002279
-0.334652045942254
-0.343039412563596
-0.35145874784177
-0.359909824404574
-0.368392409478268
-0.376906264833511
-0.385451146731096
-0.394026805867499
-0.402632987320248
-0.411269430493107
-0.419935869061087
-0.428632030915295
-0.437357638107621
-0.446112406795255
-0.454896047185076
-0.463708263477882
-0.472548753812485
-0.481417210209685
-0.490313318516104
-0.499236758347916
-0.508187203034466
-0.517164319561778
-0.526167768515981
-0.53519720402663
-0.54425227370997
-0.553332618612104
-0.562437873152122
-0.57156766506515
-0.580721615345377
-0.58989933818903
-0.599100440937315
-0.608324524019363
-0.617571180895137
-0.626839997998358
-0.281969062593734
-0.645442423148418
-0.654775168417965
-0.664128348246379
-0.673501513080664
-0.68289420599967
-0.692305962657294
-0.701736311225772
-0.711184772339068
-0.720650859036369
-0.730134076705706
-0.739633923027698
-0.749149887919449
-0.758681453478606
1.71661441012561
-0.777789275557963
-0.787364456675121
-0.796953087543035
-0.80655461032934
-0.816168459050619
-0.82579405951794
-0.835430829282689
-0.845078177582659
-0.854735505288462
-0.864402204850258
-0.874077660244805
-0.883761246922868
-0.893452331757002
-0.903150272989708
-0.912854420181993
-0.922564114162362
-0.932278686976221
-0.941997461835774
-0.951719753070354
-0.961444866077279
-0.971172097273201
-0.980900734046001
-0.990630054707226
-1.00035932844511
-1.01008781527815
5.92886571535644
-1.02953942218123
-1.03926101603091
-1.04897877044679
-1.05869189892518
-1.06839960552797
-1.07810108484099
-1.08779552193318
1.43617320959381
-0.956463822928563
-1.11682828698453
-1.12648621415923
-1.13613288033069
-1.14576741265439
-1.15538892850646
-1.16499653544986
-1.17458933120158
-1.18416640360084
-1.19372683057835
-1.20326968012668
-1.21279401027168
-1.22229886904507
-1.23178329445823
-1.24124631447712
3.60008340816905
-1.26010419982726
-1.26949707065535
-1.2788645470416
-1.28820560639326
-1.29751921594872
-1.30680433276171
-1.31605990368694
-1.32528486536725
-1.33447814422221
-1.3436386564383
-1.35276530796074
-1.3618569944868
-1.37091260146092
-1.37993100407138
-0.953776673934573
-1.39785164566634
-1.40675158374176
-1.41560971564125
-1.42442486528517
-1.43319584635572
-1.44192146230656
-1.45060050637437
-1.45923176159252
-1.46781400080678
-1.47634598669311
-1.48482647177767
-1.49325419845898
-1.50162789903233
-1.5099462957165
-1.51820810068274
-1.52641201608617
-1.53455673409962
-1.54264093694982
5.45314167256495
-1.55862247657212
-1.56651712842889
-1.57434589538217
-1.58210741056124
-1.58980029742092
-1.59742316979632
-1.60497463196032
-1.61245327868405
-1.61985769530017
-1.62718645776921
-1.6344381327489
-1.64161127766651
-1.64870444079443
3.70628494956371
-1.66264496947139
-1.66948938651488
-1.67624792493122
-1.68291908846359
-1.68950137222162
-1.69599326278024
-1.70239323828192
-1.7086997685426
13.9077561116056
-1.72102633163285
-1.72704326346583
-1.7329605483024
-1.73877661604335
-1.74448988897661
-1.75009878190969
-1.75560170230626
-1.76099705042671
-1.76628321947292
-1.77145859573718
-1.44879544691866
-1.78147048146435
-1.78630373036405
-1.79101966568344
-1.79561664155143
-1.80009300617212
-1.80444710200462
-1.80867726594759
-1.81278182952844
-1.81675911909733
-1.82060745602595
-1.82432515691121
-1.82791053378387
-1.83136189432214
-1.83467754207039
-1.83785577666288
-1.84089489405278
-1.84379318674632
-1.84654894404227
-1.8491604522768
-1.85162599507363
-1.85394385359981
-1.85611230682685
0.965186679699882
-1.85999410389837
-1.8617039971376
-1.86325758442916
-1.86465313788225
-1.86588892909691
-1.86696322946543
-1.86787431047973
-1.86862044404483
-1.86919990279829
-1.86961096043591
-1.86985189204355
-1.86992097443516
-1.86981648649715
-1.86953670953914
-1.86907992765102
-1.86844442806648
-1.8676285015331
-1.86663044268892
-1.86544855044562
-1.86408112837834
15.5333443158912
-1.86078293477558
-1.85884879731008
-1.23590529594951
-1.85440207278312
-1.85188615881719
-1.77630487035766
-1.846260966435
-1.84314840795404
-1.83983370249231
-1.8363152325959
-1.83259139068636
-1.82866057954072
-1.82452121277876
-1.82017171535745
-1.81561052407272
-1.81083608806843
-1.80584686935276
-1.8006413433218
-1.7952179992906
-1.78957534103156
-1.78371188732017
-1.77762617248822
-1.77131674698444
-1.76478217794246
-1.75802104975639
-1.75103196466368
-1.74381354333554
-1.73636442547482
-1.72868327042129
-1.72076875776439
-1.7126195879635
-1.70423448297558
-1.69561218689029
-1.68675146657249
-1.67765111231219
-1.66830993848188
-1.65872678420122
-1.64890051400903
-1.6388300185427
-1.62851421522478
-1.61795204895686
-1.60714249282068
-1.16683289439803
-1.58477724842782
-1.57321965364522
7.72903312598154
-1.54934998442349
-1.537036192016
-1.52446867074129
-1.51164664521138
-1.49856937484469
-1.48523615463633
-1.47164631593495
-1.45779922722601
-1.4436942949215
-1.42933096415586
-1.41470871958808
-1.3998270862099
-1.38468563015994
-1.36928395954369
-1.35362172525919
-1.33769862182837
-1.32151438823376
-1.30506880876065
-1.28836171384432
-1.27139298092237
-1.25416253529195
-1.2366703509717
-0.80398935609962
-1.20090091114685
-1.18262385510709
-0.978232355234447
-1.14528595971807
-1.12622563576839
-1.10690482877604
-1.08732393407065
-1.06748340364402
-1.04738374704914
-1.02702553230179
-1.0064093867844
-0.985535998152019
-0.964406115240094
-0.943020548973746
-0.921380173278361
-0.899485925991172
-0.401042154473363
-0.854939893023626
-0.832290310789307
-0.809391265680707
-0.786244028782357
-0.762849940564481
-0.739210411793065
-0.715326924438472
-0.691201032582142
-0.352136784419951
-0.64222861766965
-0.617385571458621
-0.592307076230521
-0.566995060131441
-0.541451528798582
-0.515678566243209
-0.489678335728553
-0.463453080642308
-0.437005125363133
-0.108855955481844
-0.383450821849846
-0.356349535034927
-0.329035672549734
-0.114791961513037
-0.273781274977498
14.4456810645629
-0.217710603209968
-0.189376726671011
-0.160848033697328
-0.132127794591667
-0.103219370408589
-0.0741262136987993
-0.0448518692403043
-0.0153999747556402
0.0142257383853229
0.0440214444776971
0.0739832228096146
0.10410705700664
0.134388834393233
0.16482434537192
0.19540928282086
0.226139241510467
0.257009717539865
0.288016107793779
0.319153709420736
0.35041771933315
0.494809347422955
0.413305247643876
0.444918654510018
0.476638245763348
0.508458710459102
0.540374634920889
0.572380502416148
0.604470692859723
0.636639482546613
0.668881043914551
0.701189445337482
0.733558650950547
0.765982520507685
0.798454809272558
0.830969167943847
0.863519142615658
0.896098174774093
0.928699601330846
1.22911996260695
0.993942462882145
1.02657004966734
1.05919233477355
1.09180213410583
1.12439216002669
1.15695502167541
1.18948322533209
1.22196917482739
1.25440517199895
1.28678341719559
1.31909600983013
1.35133494898202
1.38349213405074
1.41555936546093
1.44752834542041
1.47939067873198
1.51113787366019
1.54276134285402
1.57425240432657
1.68485262578916
1.63680210926579
1.66784292521476
1.69871568078202
1.72941123756384
1.75992036965385
1.79023376505101
1.82034202713283
1.850235676195
1.87990515105848
1.9093408107451
1.93853293622259
1.96747173222016
1.99614732911562
2.02454978489504
2.05266908718594
2.08049515536504
2.10801784274148
2.13522693881656
2.16211217162087
2.18866321012987
2.79761197323303
2.24072109993726
2.26620701676642
2.2913168757562
2.31604008964688
2.34036602831372
2.36428402175632
2.38778336317329
2.41085331212296
2.43348309777112
2.45566192222618
2.4773789639628
2.49862338133438
2.51938431617523
2.83548203530457
2.55941224525183
2.57865747424711
2.59737569807177
2.61555603317527
2.63318760301521
2.65025954230217
2.66676100133816
2.68268115044891
2.69800918451032
2.71273432756927
2.726845837559
2.74033301110916
2.75318518845062
2.76539175841505
2.77694216352923
2.78782590520409
2.79803254901814
2.80755173009534
2.81637315857689
2.82448662518678
2.83188200689063
2.83854927264734
2.84447848925305
2.84965982727679
2.8540835670871
6.30455329075224
2.86061995932962
8.25715449131298
2.8640123395872
2.86450657000101
2.95679053042838
2.86304647160874
2.86107475433082
2.85826394145183
2.85460576216966
2.85009212750362
3.14475307824835
2.83846708749004
2.83134047697505
2.82332801517569
2.81442262920403
2.80461747127978
2.79390592618027
2.78228161875154
2.7697384214778
2.75627046210661
2.74187213132683
2.72653809049648
2.71026327941717
2.69304292415222
2.67487254488471
2.82155536309127
2.63566531307457
2.61462104271074
2.59261192864104
2.56963508067062
2.54568795050994
2.52076833980809
2.49487440819421
2.46800468132261
2.44015805891679
2.41133382280722
2.70598098215709
2.35075159547792
2.31899415060755
2.28626020068201
2.25255105805852
2.21786846500601
2.18221460154969
2.14559209326462
2.10800401901195
2.06945391861124
2.02994580044242
1.98948414897024
1.9480739321847
1.90572060894983
1.94287201574504
1.81820897635327
1.7730641038028
1.72700301236427
1.80280116411942
1.63216478444158
2.17314825056306
1.53376488091606
1.48325374030191
1.43188261624284
1.37966281846861
1.32660622582108
1.27272529169221
1.21803304925381
1.16254311646996
1.10626970088211
1.04922760415742
0.991432226390167
0.932899570146452
0.873646244241854
0.813689467241874
0.913671943095721
0.691737501946553
0.629779826946205
0.567193732333013
0.503999527492398
0.440218146151049
0.375871147639874
0.310980717793656
0.245569669476367
0.362011070878289
0.11328010447206
0.046450347921039
-0.0208025085791064
-0.0884525230291898
-0.156473131741946
-0.224837151753597
-0.29351678370076
-0.362483615173806
-0.203909197403833
-0.501162185375238
-0.570814071133251
-0.640633460700979
-0.710588944213924
-0.780648529525036
-0.850779649210671
-0.920949168142885
-0.991123391638666
-0.796002823300942
-0.97576480829979
-1.20132913702847
-1.27117435928094
-1.34084774630938
-0.665574735922065
-1.47953114027247
-1.54846600944278
-1.61707879479846
-1.68533078868946
-1.75318285456655
-1.82059544283402
-1.88752860740204
-1.95394202294568
-2.01979500287796
-2.03179545784145
-2.14965521613778
-2.21357944186124
-2.27677725780768
-2.33920646609734
-2.40082463075564
-2.46158910084215
1.24831402841589
-2.58038542275821
3.52719185509388
-2.6952508514393
-2.75110127488355
-2.7424891977731
-2.85942050488583
-2.91180241959105
-2.8913238107416
-3.01279377901836
-3.06131658898962
10.1125639897932
-3.15420074681602
-3.19847628957152
-3.24125061942568
-3.28248140800408
-3.32212662031562
-3.36014455123393
-3.39649386266028
9.77108120279191
-3.46402333742468
-3.49512300344663
-3.52439313422034
-3.55179480712269
-3.57728970305168
-3.600840147938
-3.6224091548032
-3.64196046634229
-3.659458598007
-3.67486888156468
-3.68815750910641
-3.69929157747663
-3.70823913309499
-3.71496921713994
-3.33393608089377
-3.17078254705449
-3.72156093081497
-3.71913303445932
-3.71434939638365
-3.70718599120296
-3.69762011182377
-3.68563041624211
-3.67119697436066
-3.65430131477936
-3.63492647151207
9.70393133607427
-3.5886791764343
-2.40964834722512
-3.53235123533215
-3.50038192372388
-3.46586584036961
-3.42879784837064
-3.38917468111465
-3.34699498593738
-3.30225936715052
-3.2549704283718
-0.542384397260943
-3.15275325040354
-3.09784058484713
-3.04040582526365
-2.98046217762259
